23
 	0.209302	00
t	0.127907	010
e	0.116279	011
a	0.058140	1000
i	0.058140	1001
h	0.046512	1010
n	0.046512	10110
f	0.034884	10111
o	0.034884	11000
p	0.034884	11001
r	0.034884	11010
s	0.034884	11011
,	0.023256	11100
9	0.023256	111010
w	0.023256	1110110
%	0.011628	1110111
.	0.011628	111100
I	0.011628	1111010
c	0.011628	1111011
g	0.011628	1111100
l	0.011628	1111101
m	0.011628	1111110
v	0.011628	1111111

11110100100010011101100100000101111000111101101000010101010000100011101011101011101110011000101110001010100110011001011110001100111111010111110000111011010100111011000111110010011111111011101100010000011001011101100001011000000100111101101011100001110110110101001010011000101010011100111010001011010001111110011001011110011101011011010111100